#=========================================================================================
# Carina intensities
# Date: 30 october 2017
# Unit: W m-2 sr-1
#=========================================================================================
#X_Y    COJ4-3      COJ5-4      COJ6-5       COJ7-6      COJ8-7     COJ9-8      COJ10-9     COJ11-10    COJ12-11    COJ13-12    13COJ5-4    13COJ6-5    13COJ7-6    13COJ8-7    13COJ9-8    13COJ10-9   13COJ11-10  13COJ12-11  13COJ13-12  CI609       CI370       OI145
2_9     4.0794e-09  7.3358e-09  1.0509e-08  1.2349e-08  1.3552e-08  1.1007e-08  9.7522e-09  6.5416e-09  3.6539e-09  2.1398e-09  1.2488e-09  1.8726e-09  1.6947e-09  1.3746e-09  1.2151e-09  1.3639e-09  1.0637e-09  7.9645e-10  6.7692e-10  1.3784e-09  3.4577e-09  0.
2_10    4.1535e-09  7.8608e-09  1.0809e-08  1.2096e-08  1.3028e-08  1.1830e-08  9.9747e-09  6.6329e-09  3.4736e-09  2.2137e-09  1.6208e-09  1.7714e-09  1.7138e-09  1.3979e-09  1.0802e-09  1.2586e-09  9.6161e-10  8.1271e-10  6.3974e-10  1.7471e-09  3.7397e-09  0.
3_7     2.9443e-09  5.1539e-09  7.7745e-09  9.3929e-09  1.1456e-08  1.2207e-08  1.0946e-08  7.6720e-09  4.7837e-09  2.5467e-09  1.2185e-09  1.4556e-09  1.2849e-09  1.1898e-09  1.0600e-09  1.1156e-09  4.2241e-10  4.7750e-10  4.1983e-10  1.1401e-09  2.5713e-09  0.
3_8     6.0927e-09  7.3390e-09  1.1312e-08  1.2724e-08  1.5390e-08  1.3577e-08  1.2003e-08  8.2484e-09  4.8608e-09  2.7104e-09  1.4131e-09  1.9835e-09  1.7951e-09  1.4191e-09  1.0554e-09  1.2496e-09  5.3507e-10  5.2793e-10  4.8757e-10  1.3537e-09  3.4967e-09  0.
3_9     6.3580e-09  8.6387e-09  1.2825e-08  1.4277e-08  1.6342e-08  1.3843e-08  1.1770e-08  7.9844e-09  4.4352e-09  2.7726e-09  1.6163e-09  2.1908e-09  1.9790e-09  1.4795e-09  1.0386e-09  1.3009e-09  6.9085e-10  6.0934e-10  6.8104e-10  1.6281e-09  4.1404e-09  0.
3_10    6.8713e-09  8.7977e-09  1.2610e-08  1.3293e-08  1.4555e-08  1.3788e-08  1.1233e-08  7.4934e-09  3.9577e-09  2.6993e-09  1.7301e-09  2.0043e-09  1.8342e-09  1.3734e-09  1.0009e-09  1.2250e-09  7.5116e-10  7.9136e-10  8.8598e-10  1.8481e-09  4.2279e-09  0.
3_11    5.0684e-09  8.2248e-09  1.0905e-08  1.1795e-08  1.2420e-08  1.2158e-08  9.5556e-09  6.3449e-09  3.3949e-09  2.2509e-09  1.6700e-09  1.5003e-09  1.5043e-09  1.2823e-09  8.9694e-10  1.0158e-09  6.4138e-10  9.0430e-10  1.0058e-09  1.7607e-09  3.9807e-09  0.
4_6     2.8629e-09  3.1833e-09  4.6553e-09  5.5693e-09  7.0008e-09  9.0814e-09  8.0766e-09  6.1558e-09  4.0059e-09  2.6525e-09  9.1319e-10  9.3248e-10  7.9456e-10  8.1074e-10  8.9610e-10  9.6978e-10  5.1386e-10  3.3118e-10  6.9633e-10  9.1949e-10  1.4266e-09  0.
4_7     2.8852e-09  5.4658e-09  7.8576e-09  9.6417e-09  1.1880e-08  1.3250e-08  1.1826e-08  8.6972e-09  5.2539e-09  3.0586e-09  1.2946e-09  1.4013e-09  1.3328e-09  1.1694e-09  9.3418e-10  1.2323e-09  4.3870e-10  3.4187e-10  4.2278e-10  1.2459e-09  2.5763e-09  0.
4_8     5.6067e-09  7.1255e-09  1.0245e-08  1.1905e-08  1.4579e-08  1.3778e-08  1.2085e-08  8.6541e-09  5.1046e-09  3.0077e-09  1.4990e-09  1.7449e-09  1.6848e-09  1.3704e-09  8.1167e-10  1.2627e-09  4.1605e-10  3.6924e-10  4.1564e-10  1.3486e-09  3.2970e-09  0.
4_9     5.3340e-09  7.8181e-09  1.0797e-08  1.2509e-08  1.4374e-08  1.2272e-08  1.0386e-08  7.1716e-09  4.1372e-09  2.7260e-09  1.5399e-09  1.8153e-09  1.7020e-09  1.3377e-09  7.3649e-10  1.1459e-09  4.9704e-10  4.6879e-10  6.3366e-10  1.4753e-09  3.7722e-09  0.
4_10    5.3752e-09  7.5035e-09  1.0211e-08  1.1142e-08  1.1917e-08  1.1091e-08  8.8926e-09  5.9609e-09  3.3126e-09  2.3793e-09  1.3772e-09  1.6256e-09  1.4697e-09  1.1620e-09  6.9465e-10  1.0100e-09  6.0418e-10  6.7919e-10  9.0267e-10  1.5597e-09  3.7348e-09  0.
4_11    4.0796e-09  6.7130e-09  8.7571e-09  9.4383e-09  9.4836e-09  9.9336e-09  7.5022e-09  5.0837e-09  2.8372e-09  1.8892e-09  1.2206e-09  1.2162e-09  1.1793e-09  1.0703e-09  6.4892e-10  9.1973e-10  6.0680e-10  8.9905e-10  1.0644e-09  1.4533e-09  3.3585e-09  0.
4_12    3.1179e-09  5.2380e-09  6.6437e-09  6.9972e-09  7.2653e-09  7.2330e-09  5.2163e-09  3.8299e-09  2.4013e-09  1.3315e-09  1.1815e-09  8.0626e-10  9.0935e-10  1.0060e-09  6.9026e-10  8.2291e-10  5.8077e-10  9.5546e-10  1.0917e-09  1.2282e-09  2.5463e-09  0.
5_7     3.0009e-09  4.5590e-09  5.8642e-09  7.2822e-09  9.1969e-09  9.9641e-09  8.8267e-09  6.7968e-09  4.3030e-09  2.8809e-09  1.0485e-09  1.0323e-09  1.0617e-09  1.0278e-09  7.2599e-10  1.0983e-09  5.7430e-10  4.1678e-10  3.9829e-10  1.1724e-09  1.8736e-09  0.
5_8     3.8729e-09  5.2002e-09  6.6756e-09  7.7628e-09  9.8820e-09  9.8042e-09  8.6106e-09  6.3738e-09  4.0385e-09  2.6520e-09  1.1090e-09  1.1294e-09  1.1853e-09  1.0963e-09  5.5027e-10  1.0527e-09  4.4473e-10  4.6884e-10  3.3419e-10  1.1245e-09  2.1108e-09  0.
5_9     4.0676e-09  5.1589e-09  6.5368e-09  7.1383e-09  8.5452e-09  7.7147e-09  6.5655e-09  4.5408e-09  2.9716e-09  2.1460e-09  9.9494e-10  1.0873e-09  1.0803e-09  9.9208e-10  4.0205e-10  8.5297e-10  4.2450e-10  5.4623e-10  4.6777e-10  1.0829e-09  2.2226e-09  0.
5_10    3.1585e-09  4.8727e-09  6.2422e-09  6.4633e-09  6.8301e-09  6.4163e-09  5.0512e-09  3.3600e-09  2.1921e-09  1.6797e-09  7.6096e-10  9.7300e-10  8.9252e-10  8.9010e-10  3.0538e-10  7.0550e-10  5.0698e-10  6.8160e-10  6.4518e-10  1.1305e-09  2.3393e-09  0.
5_11    4.0307e-09  4.5984e-09  5.9381e-09  5.8529e-09  5.6579e-09  6.0649e-09  4.3561e-09  3.0331e-09  1.9755e-09  1.3549e-09  6.4097e-10  7.8008e-10  7.5263e-10  8.9317e-10  2.8466e-10  6.9981e-10  5.8245e-10  8.5265e-10  7.6743e-10  1.1944e-09  2.2402e-09  0.
5_12    2.6436e-09  4.2826e-09  5.4456e-09  5.1806e-09  4.9766e-09  5.2136e-09  3.5656e-09  2.8076e-09  2.0347e-09  1.1393e-09  7.8474e-10  6.4320e-10  7.1022e-10  9.6882e-10  4.3314e-10  7.3313e-10  5.9124e-10  9.3710e-10  8.8696e-10  1.1542e-09  2.0064e-09  0.
6_5     9.3880e-10  1.3579e-09  1.7833e-09  1.7130e-09  2.5511e-09  2.2751e-09  1.7661e-09  1.5696e-09  1.5154e-09  1.7285e-09  7.1779e-10  4.6704e-10  2.8682e-10  9.0938e-10  1.0469e-09  5.6462e-10  1.1403e-09  4.8745e-10  7.6159e-10  7.8436e-10  6.1336e-10  0.
6_6     1.6018e-09  2.2485e-09  2.6456e-09  3.0529e-09  3.8389e-09  3.8497e-09  3.1017e-09  2.5778e-09  2.1350e-09  2.0256e-09  6.1822e-10  5.7504e-10  4.7559e-10  9.2396e-10  8.3857e-10  6.3447e-10  8.6328e-10  4.7296e-10  4.7494e-10  9.8188e-10  8.6354e-10  0.
6_7     2.5902e-09  3.0377e-09  3.3873e-09  4.1844e-09  5.2154e-09  5.4359e-09  4.5549e-09  3.6741e-09  2.7168e-09  2.2218e-09  6.1823e-10  6.5412e-10  6.6464e-10  8.9778e-10  5.9145e-10  7.4440e-10  6.6119e-10  5.8303e-10  2.9576e-10  1.0149e-09  1.1043e-09  1.2290e-08
6_8     2.5838e-09  3.0801e-09  3.3345e-09  4.0262e-09  5.1378e-09  5.2117e-09  4.3961e-09  3.3268e-09  2.5578e-09  2.0410e-09  6.0569e-10  6.1902e-10  6.8028e-10  8.2288e-10  3.6876e-10  7.0782e-10  4.8783e-10  7.0247e-10  2.3056e-10  8.7958e-10  1.1010e-09  1.3313e-08
6_9     1.7101e-09  2.8368e-09  3.0612e-09  3.4771e-09  4.0681e-09  3.8027e-09  3.1344e-09  2.0813e-09  1.9055e-09  1.5703e-09  5.0412e-10  5.3753e-10  5.5614e-10  7.3934e-10  1.6501e-10  5.7143e-10  3.8052e-10  7.7772e-10  2.9271e-10  7.8240e-10  1.0867e-09  1.2489e-08
6_10    2.0418e-09  3.0711e-09  3.5437e-09  3.6863e-09  3.6320e-09  3.2113e-09  2.4182e-09  1.4839e-09  1.4671e-09  1.1970e-09  4.2182e-10  5.0598e-10  4.4761e-10  7.3419e-10  5.3993e-11  4.7895e-10  3.8851e-10  8.4882e-10  4.0335e-10  8.6722e-10  1.3687e-09  0.
6_11    3.1467e-09  3.7643e-09  4.5455e-09  4.3573e-09  4.0010e-09  3.6038e-09  2.4898e-09  1.6729e-09  1.5059e-09  1.1275e-09  4.6591e-10  4.9558e-10  4.4616e-10  8.2095e-10  6.7716e-11  5.1209e-10  5.0428e-10  9.2365e-10  5.2224e-10  1.0934e-09  1.6826e-09  0.
6_12    3.2860e-09  4.5453e-09  5.4130e-09  4.9695e-09  4.5727e-09  4.0759e-09  2.8847e-09  2.1691e-09  1.8953e-09  1.2616e-09  6.3056e-10  5.5424e-10  5.6827e-10  9.4538e-10  2.7274e-10  5.8543e-10  5.7763e-10  9.5311e-10  7.1478e-10  1.2264e-09  1.9261e-09  0.
6_13    3.8429e-09  5.0231e-09  5.7802e-09  5.2537e-09  5.0387e-09  4.1766e-09  3.3734e-09  2.7593e-09  2.4081e-09  1.4329e-09  7.5202e-10  6.4889e-10  7.2814e-10  1.0167e-09  4.8199e-10  6.4764e-10  5.5021e-10  9.1915e-10  1.0170e-09  1.1490e-09  2.0467e-09  0.
7_6     1.6818e-09  1.3530e-09  1.4786e-09  1.3461e-09  1.8197e-09  1.9036e-09  1.1998e-09  1.1873e-09  1.3294e-09  1.4477e-09  4.4742e-10  3.5237e-10  2.3972e-10  9.1199e-10  9.2477e-10  5.0221e-10  8.8125e-10  4.6360e-10  3.5396e-10  7.9524e-10  5.8083e-10  0.
7_7     1.5138e-09  1.7102e-09  1.6919e-09  1.8771e-09  2.2745e-09  2.3920e-09  1.7203e-09  1.5078e-09  1.5077e-09  1.6276e-09  2.9784e-10  3.9571e-10  3.4832e-10  8.0938e-10  6.9638e-10  4.8914e-10  6.8316e-10  6.2887e-10  1.8458e-10  8.2563e-10  6.8091e-10  1.0528e-08
7_8     1.3390e-09  1.7407e-09  1.6189e-09  1.9442e-09  2.3045e-09  2.3582e-09  1.7929e-09  1.3690e-09  1.5096e-09  1.6153e-09  2.3754e-10  4.0232e-10  3.6949e-10  7.4506e-10  4.5386e-10  5.2896e-10  5.6294e-10  8.3293e-10  1.4533e-10  7.1775e-10  6.7533e-10  1.1984e-08
7_9     1.5886e-09  1.8011e-09  1.7779e-09  1.9124e-09  2.1040e-09  2.0441e-09  1.5159e-09  9.4144e-10  1.3377e-09  1.3455e-09  2.6252e-10  3.9119e-10  2.9174e-10  6.7955e-10  2.3418e-10  5.0444e-10  3.9337e-10  9.5474e-10  2.2018e-10  6.8652e-10  6.9197e-10  1.2362e-08
7_10    2.2476e-09  2.4758e-09  2.7638e-09  2.6130e-09  2.5031e-09  2.2418e-09  1.5735e-09  8.7676e-10  1.2403e-09  1.1487e-09  4.1415e-10  4.0929e-10  2.2663e-10  6.8897e-10  1.3346e-10  4.4723e-10  3.1047e-10  1.0263e-09  3.7287e-10  7.7505e-10  1.0273e-09  0.
7_11    3.2164e-09  3.7242e-09  4.3247e-09  4.0073e-09  3.6268e-09  3.0424e-09  2.1354e-09  1.2774e-09  1.4229e-09  1.2619e-09  6.0181e-10  4.7012e-10  2.8321e-10  7.5177e-10  1.7038e-10  4.2096e-10  4.1074e-10  1.0586e-09  5.5011e-10  9.8863e-10  1.5729e-09  0.
7_12    3.5291e-09  4.9883e-09  5.7551e-09  5.2694e-09  5.0268e-09  3.9944e-09  3.0021e-09  1.9532e-09  1.8813e-09  1.5554e-09  7.0548e-10  5.7062e-10  4.7700e-10  8.1613e-10  3.7534e-10  4.5513e-10  5.4796e-10  1.0341e-09  7.4872e-10  1.2400e-09  2.0576e-09  0.
7_13    4.6323e-09  5.8434e-09  6.5896e-09  6.0063e-09  6.0833e-09  4.6416e-09  3.8693e-09  2.7046e-09  2.4086e-09  1.7258e-09  7.9108e-10  6.7417e-10  7.2442e-10  8.9669e-10  5.4777e-10  5.3520e-10  5.7520e-10  9.7687e-10  9.8468e-10  1.2702e-09  2.3331e-09  0.
8_6     7.1836e-10  9.6177e-10  1.0178e-09  7.6363e-10  9.3452e-10  1.3509e-09  5.3632e-10  9.5426e-10  1.0644e-09  1.0051e-09  5.1907e-10  2.0757e-10  1.6029e-10  8.6576e-10  1.0939e-09  6.3630e-10  9.2981e-10  5.7552e-10  3.9233e-10  5.6779e-10  5.1548e-10  0.
8_7     8.2986e-10  1.0947e-09  1.0187e-09  9.4065e-10  1.1276e-09  1.2216e-09  7.5853e-10  8.4444e-10  9.6927e-10  1.2056e-09  2.5658e-10  2.8239e-10  1.9104e-10  7.7313e-10  9.2323e-10  5.0575e-10  7.0969e-10  5.3253e-10  1.5027e-10  7.0654e-10  5.5290e-10  0.
8_8     9.2523e-10  1.1964e-09  1.0483e-09  1.1274e-09  1.2919e-09  1.3447e-09  9.3922e-10  8.2744e-10  1.0172e-09  1.3162e-09  9.1130e-11  3.6022e-10  1.8335e-10  7.2258e-10  6.5287e-10  5.8487e-10  6.7631e-10  7.1908e-10  1.2244e-10  6.7035e-10  5.5697e-10  0.
8_9     1.4857e-09  1.5168e-09  1.4316e-09  1.5227e-09  1.5283e-09  1.5639e-09  1.0456e-09  7.7249e-10  1.0202e-09  1.2278e-09  1.7184e-10  4.1192e-10  1.3442e-10  6.9460e-10  4.0092e-10  6.1996e-10  5.2347e-10  9.1246e-10  2.3156e-10  6.1892e-10  6.7285e-10  0.
8_10    1.6425e-09  2.3726e-09  2.5486e-09  2.4297e-09  2.1922e-09  2.1483e-09  1.3967e-09  8.8660e-10  1.0781e-09  1.2156e-09  4.4701e-10  4.7209e-10  1.2117e-10  7.0677e-10  3.6670e-10  5.5304e-10  3.9160e-10  1.0231e-09  4.4219e-10  7.0418e-10  1.0307e-09  0.
8_11    2.9036e-09  3.7400e-09  4.2622e-09  4.0550e-09  3.5972e-09  3.1792e-09  2.2103e-09  1.3349e-09  1.3784e-09  1.4739e-09  6.9315e-10  5.7215e-10  2.3571e-10  7.3100e-10  4.4997e-10  4.3651e-10  4.4211e-10  1.0489e-09  6.5353e-10  8.9229e-10  1.6312e-09  0.
8_12    3.9545e-09  5.0188e-09  5.8277e-09  5.6371e-09  5.2270e-09  4.2342e-09  3.1912e-09  1.9311e-09  1.8561e-09  1.7953e-09  7.8260e-10  6.5623e-10  4.4701e-10  7.6633e-10  5.8675e-10  3.9624e-10  5.8569e-10  1.0084e-09  8.0309e-10  1.1506e-09  2.2000e-09  0.
8_13    4.2567e-09  5.8457e-09  6.6966e-09  6.4247e-09  6.3452e-09  4.7621e-09  3.8444e-09  2.4099e-09  2.2220e-09  1.8498e-09  8.4905e-10  6.7883e-10  6.5236e-10  8.2834e-10  6.7809e-10  4.2958e-10  6.3769e-10  9.7955e-10  8.8802e-10  1.2759e-09  2.4860e-09  0.
8_14    3.7285e-09  5.8465e-09  6.8637e-09  6.2334e-09  6.5230e-09  4.4887e-09  3.9133e-09  2.6353e-09  2.2899e-09  1.6563e-09  9.0259e-10  7.2451e-10  7.2226e-10  8.5672e-10  7.9450e-10  5.2018e-10  6.0133e-10  1.0079e-09  1.0036e-09  1.2404e-09  2.4905e-09  0.
8_15    3.7676e-09  5.0927e-09  5.9545e-09  5.5347e-09  5.8320e-09  3.4800e-09  3.3225e-09  2.4438e-09  1.9780e-09  1.4203e-09  9.5443e-10  7.8011e-10  5.7477e-10  8.5992e-10  8.0711e-10  5.5551e-10  6.0971e-10  9.5886e-10  1.2079e-09  1.1990e-09  2.3685e-09  0.
9_7     1.0882e-09  9.7218e-10  8.7448e-10  7.5333e-10  1.0252e-09  1.1342e-09  7.9397e-10  9.7058e-10  9.8741e-10  8.8926e-10  2.9791e-10  2.5337e-10  1.2327e-10  7.5556e-10  1.0675e-09  6.8696e-10  8.2278e-10  4.8453e-10  2.7902e-10  7.1127e-10  5.3362e-10  0.
9_8     8.3533e-10  1.1761e-09  1.0249e-09  1.0220e-09  1.3428e-09  1.1586e-09  9.3085e-10  8.7380e-10  8.9908e-10  1.0523e-09  8.2557e-11  3.6508e-10  8.6439e-11  7.5186e-10  7.6120e-10  7.2613e-10  7.4911e-10  5.1890e-10  1.5476e-10  6.4771e-10  5.5895e-10  0.
9_9     9.8363e-10  1.5530e-09  1.4906e-09  1.4870e-09  1.6483e-09  1.5262e-09  9.8282e-10  8.9471e-10  8.4599e-10  1.0411e-09  1.3899e-10  4.3983e-10  6.8912e-11  7.5920e-10  5.3098e-10  7.3265e-10  6.6006e-10  7.3564e-10  2.3881e-10  5.2618e-10  6.8873e-10  0.
9_10    1.4960e-09  2.4004e-09  2.7311e-09  2.5417e-09  2.5182e-09  2.4076e-09  1.4341e-09  1.1224e-09  9.2656e-10  1.1774e-09  4.2344e-10  5.5520e-10  1.4563e-10  7.4417e-10  5.0146e-10  6.3836e-10  5.6792e-10  8.6192e-10  4.2077e-10  6.0790e-10  1.0626e-09  2.1117e-08
9_11    2.2017e-09  3.8607e-09  4.6911e-09  4.5737e-09  4.3413e-09  3.8400e-09  2.5910e-09  1.7134e-09  1.3450e-09  1.5372e-09  7.1938e-10  7.2236e-10  3.4752e-10  7.7855e-10  5.9009e-10  4.8739e-10  5.8664e-10  8.6772e-10  5.9989e-10  8.6088e-10  1.7359e-09  2.6354e-08
9_12    3.4073e-09  5.0825e-09  6.3497e-09  6.3892e-09  6.0640e-09  4.9730e-09  3.6878e-09  2.2671e-09  1.8691e-09  1.8368e-09  8.6641e-10  8.0070e-10  5.4031e-10  8.3792e-10  6.5896e-10  3.8219e-10  6.9085e-10  8.4264e-10  7.1677e-10  1.0130e-09  2.3395e-09  0.
9_13    3.7124e-09  5.5923e-09  6.8740e-09  6.7074e-09  6.5430e-09  5.0109e-09  3.9051e-09  2.3301e-09  2.0935e-09  1.8322e-09  8.9284e-10  7.1826e-10  5.9836e-10  8.7319e-10  7.1890e-10  3.7305e-10  7.3457e-10  8.8439e-10  7.4841e-10  1.1077e-09  2.5200e-09  0.
9_14    3.3062e-09  5.3369e-09  6.4851e-09  5.7744e-09  5.8582e-09  4.1934e-09  3.4433e-09  2.0655e-09  1.9847e-09  1.6153e-09  8.6495e-10  6.5778e-10  5.2975e-10  8.7573e-10  8.2916e-10  4.1042e-10  6.9640e-10  1.0169e-09  8.0965e-10  1.0970e-09  2.3456e-09  0.
9_15    3.0847e-09  4.6748e-09  5.3944e-09  4.7809e-09  4.7921e-09  3.1637e-09  2.8157e-09  1.7658e-09  1.6700e-09  1.3853e-09  9.0458e-10  6.8766e-10  3.8174e-10  8.9987e-10  8.3924e-10  4.3106e-10  6.8023e-10  1.0484e-09  1.0180e-09  9.4678e-10  2.1076e-09  0.
10_9    1.1935e-09  2.0973e-09  2.1282e-09  2.1560e-09  2.5478e-09  1.9268e-09  1.3511e-09  1.0710e-09  9.8824e-10  1.0081e-09  2.7328e-10  5.3772e-10  1.7837e-10  8.2104e-10  6.3058e-10  7.7061e-10  6.2298e-10  6.4696e-10  2.4078e-10  5.3264e-10  8.7928e-10  0.
10_10   1.7269e-09  3.0573e-09  3.7965e-09  3.8691e-09  4.1781e-09  3.2606e-09  2.0022e-09  1.4662e-09  1.0364e-09  1.1345e-09  5.6627e-10  7.4108e-10  3.5854e-10  8.2238e-10  6.0780e-10  6.6296e-10  6.3256e-10  7.4107e-10  3.1051e-10  5.8138e-10  1.4169e-09  2.2410e-08
10_11   3.2037e-09  4.8660e-09  6.3654e-09  6.6179e-09  6.6943e-09  5.2743e-09  3.5634e-09  2.2855e-09  1.4315e-09  1.4828e-09  9.1211e-10  9.8575e-10  6.1914e-10  9.0649e-10  6.3206e-10  5.3810e-10  6.7281e-10  6.9770e-10  3.8985e-10  8.0737e-10  2.2110e-09  3.0196e-08
10_12   4.2027e-09  6.1662e-09  8.0621e-09  8.5171e-09  8.2382e-09  6.4683e-09  4.7385e-09  2.8624e-09  1.9067e-09  1.7504e-09  1.0955e-09  1.0380e-09  7.4726e-10  9.6617e-10  7.3481e-10  4.1240e-10  7.4061e-10  6.9406e-10  5.2163e-10  9.1312e-10  2.7909e-09  0.
10_13   4.0153e-09  6.1251e-09  7.7099e-09  7.8496e-09  7.3362e-09  5.7444e-09  4.3803e-09  2.5921e-09  2.0049e-09  1.7509e-09  1.0110e-09  8.2589e-10  6.3383e-10  9.5256e-10  7.2862e-10  3.5232e-10  7.7385e-10  8.0462e-10  6.5221e-10  8.8534e-10  2.7294e-09  0.
10_14   3.4754e-09  5.1491e-09  6.1306e-09  5.7140e-09  5.2759e-09  4.0790e-09  3.2825e-09  1.9038e-09  1.7287e-09  1.5780e-09  8.3443e-10  6.1024e-10  4.2356e-10  9.0306e-10  6.7302e-10  3.8294e-10  7.5243e-10  9.8754e-10  7.8967e-10  7.8561e-10  2.2547e-09  0.
10_15   2.5616e-09  4.2180e-09  4.5131e-09  4.0080e-09  3.5681e-09  2.7224e-09  2.4397e-09  1.4309e-09  1.3424e-09  1.3227e-09  8.2203e-10  5.3886e-10  2.7786e-10  9.2559e-10  5.8163e-10  4.7487e-10  7.0867e-10  1.0445e-09  9.4418e-10  7.3031e-10  1.7943e-09  0.
11_9    2.2821e-09  3.3073e-09  3.8083e-09  3.2447e-09  3.9936e-09  2.9420e-09  2.2650e-09  1.3375e-09  1.3936e-09  1.2025e-09  5.9946e-10  7.8876e-10  4.1263e-10  8.8831e-10  8.4374e-10  7.7953e-10  4.3852e-10  7.2935e-10  3.6610e-10  7.6876e-10  1.3593e-09  0.
11_10   3.0545e-09  4.4259e-09  6.1419e-09  5.7324e-09  6.6404e-09  4.7509e-09  3.1770e-09  1.8660e-09  1.3774e-09  1.2596e-09  8.7681e-10  1.0916e-09  6.3973e-10  9.1984e-10  8.4887e-10  6.4326e-10  5.4097e-10  7.6759e-10  3.2918e-10  7.4010e-10  2.0650e-09  0.
11_11   5.2519e-09  6.4544e-09  9.1529e-09  9.1675e-09  9.7273e-09  7.2084e-09  4.9225e-09  2.7773e-09  1.6280e-09  1.5283e-09  1.2225e-09  1.3312e-09  8.6658e-10  1.0287e-09  7.4861e-10  5.7725e-10  6.4234e-10  7.0211e-10  2.8479e-10  7.6754e-10  2.9909e-09  0.
11_12   5.6134e-09  7.6185e-09  1.0427e-08  1.0925e-08  1.0761e-08  8.2608e-09  5.8920e-09  3.2683e-09  1.9360e-09  1.7379e-09  1.3792e-09  1.2657e-09  8.9161e-10  1.0578e-09  7.4688e-10  4.8755e-10  7.1713e-10  7.2324e-10  3.8848e-10  8.7067e-10  3.4718e-09  0.
11_13   5.3059e-09  6.8541e-09  8.8970e-09  9.0044e-09  8.3746e-09  6.6886e-09  4.8648e-09  2.7330e-09  1.8861e-09  1.7238e-09  1.1540e-09  9.1522e-10  6.6637e-10  9.7234e-10  6.8529e-10  3.8376e-10  7.3741e-10  8.6049e-10  6.0543e-10  8.9118e-10  3.0016e-09  0.
11_14   3.5539e-09  5.1341e-09  6.1841e-09  5.9221e-09  5.0687e-09  4.1964e-09  3.1523e-09  1.8268e-09  1.4829e-09  1.5217e-09  8.0455e-10  5.9402e-10  4.1038e-10  8.9812e-10  5.6624e-10  3.8700e-10  6.9482e-10  9.7713e-10  7.9202e-10  7.3474e-10  2.2098e-09  0.
11_15   2.8786e-09  3.9777e-09  4.2256e-09  3.8771e-09  3.0958e-09  2.4635e-09  2.0816e-09  1.2943e-09  1.0201e-09  1.2246e-09  7.2090e-10  4.4297e-10  3.0701e-10  8.9535e-10  4.1213e-10  5.0132e-10  6.3895e-10  9.7196e-10  8.4108e-10  7.5377e-10  1.6397e-09  0.
11_16   2.5504e-09  3.1878e-09  3.1242e-09  2.8954e-09  2.3019e-09  1.6907e-09  1.5990e-09  1.0762e-09  7.8274e-10  9.0486e-10  6.5692e-10  3.8133e-10  3.0260e-10  8.9744e-10  2.9812e-10  5.8753e-10  5.4773e-10  9.3041e-10  8.4899e-10  8.0125e-10  1.4313e-09  0.
11_17   1.5634e-09  2.5138e-09  2.4588e-09  2.2047e-09  1.7182e-09  1.3966e-09  1.3438e-09  9.2131e-10  8.4099e-10  5.9100e-10  4.1890e-10  3.5401e-10  2.7656e-10  8.7685e-10  2.1717e-10  5.1557e-10  4.8179e-10  9.5529e-10  8.9754e-10  7.4864e-10  1.4050e-09  0.
12_9    2.5388e-09  4.9102e-09  5.5798e-09  5.3801e-09  5.8845e-09  4.5578e-09  3.4451e-09  1.6724e-09  1.7992e-09  1.5682e-09  9.5688e-10  9.8858e-10  5.7537e-10  9.5948e-10  1.0443e-09  7.0838e-10  3.7589e-10  7.7243e-10  5.8116e-10  1.1243e-09  2.4247e-09  0.
12_10   3.4925e-09  6.3167e-09  8.3733e-09  8.3091e-09  8.8462e-09  6.3089e-09  4.3985e-09  2.1884e-09  1.7195e-09  1.5618e-09  1.1784e-09  1.3098e-09  7.8026e-10  1.0734e-09  1.1779e-09  5.8925e-10  5.2994e-10  8.0374e-10  4.9634e-10  1.0375e-09  3.1788e-09  0.
12_11   5.4572e-09  8.1247e-09  1.1215e-08  1.1517e-08  1.1834e-08  8.5641e-09  5.8891e-09  2.9427e-09  1.8243e-09  1.7041e-09  1.4047e-09  1.4608e-09  9.0976e-10  1.1874e-09  1.0218e-09  6.0504e-10  6.5251e-10  8.0000e-10  3.5422e-10  9.9383e-10  3.9621e-09  0.
12_12   5.8476e-09  8.7367e-09  1.1842e-08  1.2500e-08  1.2227e-08  9.2508e-09  6.3921e-09  3.2309e-09  1.9511e-09  1.8421e-09  1.4633e-09  1.2754e-09  8.4443e-10  1.1467e-09  7.8653e-10  5.6665e-10  7.0217e-10  8.4039e-10  3.7744e-10  1.0946e-09  4.0897e-09  0.
12_13   5.1337e-09  7.4651e-09  9.7246e-09  1.0031e-08  9.2668e-09  7.3811e-09  5.0555e-09  2.6223e-09  1.7878e-09  1.7455e-09  1.1904e-09  9.0171e-10  6.0865e-10  1.0129e-09  5.7033e-10  4.4780e-10  6.6604e-10  9.3752e-10  5.8171e-10  9.9273e-10  3.3437e-09  4.6641e-08
12_14   3.4852e-09  5.6154e-09  6.9891e-09  6.9800e-09  5.8308e-09  4.7158e-09  3.1764e-09  1.7478e-09  1.3516e-09  1.4231e-09  7.8518e-10  6.1471e-10  4.0333e-10  9.7641e-10  5.1799e-10  3.8248e-10  5.7319e-10  9.5819e-10  7.5210e-10  8.4182e-10  2.4295e-09  3.8804e-08
12_15   3.1190e-09  4.5440e-09  5.3039e-09  5.0952e-09  4.1159e-09  2.8698e-09  1.9859e-09  1.2238e-09  9.1558e-10  1.0824e-09  6.3466e-10  4.4788e-10  3.4579e-10  9.4568e-10  3.8623e-10  4.2372e-10  4.9294e-10  8.8180e-10  7.3214e-10  8.8799e-10  1.8675e-09  0.
12_16   2.7641e-09  3.8882e-09  4.2846e-09  4.0167e-09  3.4957e-09  1.9245e-09  1.3973e-09  1.0239e-09  7.5465e-10  8.2350e-10  5.9769e-10  3.4139e-10  3.5768e-10  8.7759e-10  2.3457e-10  4.7099e-10  4.0136e-10  8.1257e-10  6.1866e-10  9.1671e-10  1.6177e-09  0.
12_17   2.4211e-09  3.2137e-09  3.3831e-09  3.1532e-09  2.9458e-09  1.5226e-09  1.1362e-09  9.0544e-10  8.9564e-10  6.3601e-10  5.0753e-10  3.3939e-10  3.4402e-10  8.0838e-10  5.9556e-11  4.1247e-10  3.2935e-10  8.1364e-10  5.8918e-10  8.5054e-10  1.5069e-09  0.
12_18   2.4599e-09  2.4812e-09  2.6792e-09  2.3434e-09  2.4770e-09  1.4317e-09  1.1520e-09  9.1344e-10  1.0861e-09  4.0582e-10  5.1297e-10  3.8689e-10  2.9569e-10  7.8452e-10  1.2656e-10  3.0418e-10  3.2660e-10  7.4141e-10  6.1168e-10  8.3618e-10  1.3556e-09  0.
13_11   5.9301e-09  8.4585e-09  1.1181e-08  1.0787e-08  1.0944e-08  8.4821e-09  5.7580e-09  2.7040e-09  1.9118e-09  1.9498e-09  1.2754e-09  1.2410e-09  7.4855e-10  1.2876e-09  1.0384e-09  6.0917e-10  7.5815e-10  8.3355e-10  4.3658e-10  1.4558e-09  4.1235e-09  0.
13_12   5.9051e-09  8.5518e-09  1.1297e-08  1.1267e-08  1.1214e-08  8.8060e-09  5.9614e-09  2.8922e-09  1.8967e-09  1.8661e-09  1.2547e-09  1.0752e-09  6.5393e-10  1.1866e-09  6.6464e-10  6.2142e-10  6.9211e-10  8.9315e-10  4.1109e-10  1.3158e-09  4.0116e-09  0.
13_13   4.0326e-09  7.6341e-09  9.9107e-09  9.9916e-09  9.4626e-09  7.4766e-09  4.9482e-09  2.5145e-09  1.6962e-09  1.6319e-09  1.0916e-09  8.3957e-10  5.0335e-10  1.0603e-09  3.8607e-10  5.3005e-10  5.8149e-10  8.9726e-10  5.6432e-10  1.0168e-09  3.4093e-09  4.8129e-08
13_14   4.2932e-09  6.7045e-09  8.6458e-09  8.4994e-09  7.4333e-09  5.5914e-09  3.5409e-09  1.8766e-09  1.3315e-09  1.2627e-09  8.5711e-10  6.9755e-10  4.0958e-10  1.0674e-09  4.0585e-10  4.2480e-10  4.5957e-10  8.5324e-10  7.3155e-10  9.0530e-10  2.7424e-09  4.3078e-08
13_15   4.5977e-09  6.1653e-09  7.7651e-09  7.3148e-09  6.1802e-09  3.9763e-09  2.4242e-09  1.3598e-09  1.0158e-09  9.6861e-10  7.1129e-10  5.5819e-10  3.6831e-10  1.0348e-09  4.1756e-10  3.7623e-10  3.6625e-10  7.7885e-10  7.5366e-10  1.0725e-09  2.3250e-09  0.
13_16   3.5819e-09  5.3545e-09  6.4829e-09  5.9140e-09  4.9893e-09  2.6763e-09  1.5748e-09  1.0436e-09  9.1232e-10  8.5000e-10  6.2793e-10  3.9258e-10  3.2244e-10  9.4095e-10  3.5236e-10  3.3536e-10  2.8561e-10  7.4887e-10  6.2897e-10  1.0695e-09  1.9956e-09  0.
13_17   3.1557e-09  4.1512e-09  4.7544e-09  4.2820e-09  3.7846e-09  1.8313e-09  1.0456e-09  8.8611e-10  1.0111e-09  8.1407e-10  5.9423e-10  3.4727e-10  2.8991e-10  8.2652e-10  1.5569e-10  3.0044e-10  2.0228e-10  7.2832e-10  4.9463e-10  8.8727e-10  1.6127e-09  0.
13_18   2.5915e-09  3.0808e-09  3.3874e-09  2.8873e-09  2.8805e-09  1.5238e-09  9.8577e-10  9.3628e-10  1.1330e-09  6.9608e-10  6.4366e-10  4.3280e-10  2.9773e-10  8.1067e-10  8.6167e-11  3.3440e-10  1.8294e-10  6.5052e-10  3.8286e-10  9.2536e-10  1.2844e-09  0.
14_10   5.9910e-09  7.6484e-09  8.7719e-09  7.9752e-09  7.1325e-09  6.7592e-09  4.3307e-09  1.9971e-09  1.9045e-09  2.7495e-09  1.0153e-09  7.2210e-10  4.7202e-10  1.2378e-09  1.2391e-09  6.4989e-10  9.4321e-10  5.5767e-10  4.7085e-10  2.0344e-09  4.0460e-09  0.
14_11   5.0309e-09  8.0243e-09  9.4244e-09  8.8355e-09  8.3770e-09  6.8760e-09  4.5981e-09  2.1401e-09  1.8625e-09  2.0883e-09  1.0284e-09  8.2329e-10  4.9445e-10  1.3133e-09  1.0090e-09  6.6603e-10  8.3711e-10  7.7457e-10  4.5643e-10  1.9333e-09  3.9448e-09  0.
14_12   3.7806e-09  7.4338e-09  9.0130e-09  8.8662e-09  8.6162e-09  6.8513e-09  4.6808e-09  2.3023e-09  1.7347e-09  1.6427e-09  9.4805e-10  7.9749e-10  4.3569e-10  1.1650e-09  7.1002e-10  6.8279e-10  6.2913e-10  8.3292e-10  5.0149e-10  1.3535e-09  3.5359e-09  0.
14_13   4.2778e-09  7.2382e-09  9.0672e-09  9.1354e-09  8.7567e-09  6.5137e-09  4.3626e-09  2.3189e-09  1.5354e-09  1.3256e-09  9.2980e-10  7.6567e-10  4.2767e-10  1.0519e-09  5.4724e-10  6.3453e-10  4.8103e-10  7.6735e-10  6.4774e-10  1.0179e-09  3.2245e-09  0.
14_14   5.2816e-09  7.6497e-09  9.7937e-09  9.6933e-09  8.6856e-09  6.0061e-09  3.8375e-09  2.0580e-09  1.2954e-09  1.0859e-09  9.3623e-10  7.6003e-10  4.6342e-10  1.0929e-09  4.4577e-10  5.2406e-10  3.9624e-10  7.1946e-10  8.2381e-10  1.0390e-09  2.9918e-09  0.
14_15   5.3041e-09  7.7603e-09  9.8626e-09  9.3525e-09  7.8286e-09  5.0761e-09  3.0705e-09  1.6260e-09  1.1280e-09  9.9469e-10  8.7037e-10  6.6791e-10  4.1684e-10  1.0790e-09  3.5856e-10  3.8979e-10  3.2510e-10  7.1843e-10  9.0011e-10  1.2396e-09  2.7337e-09  0.
14_16   5.1698e-09  6.7729e-09  8.4341e-09  7.5441e-09  5.9766e-09  3.6322e-09  2.1006e-09  1.2272e-09  1.0750e-09  1.0142e-09  7.4026e-10  5.0322e-10  2.8258e-10  9.9577e-10  3.3044e-10  2.9348e-10  2.4461e-10  7.5931e-10  7.9128e-10  1.1773e-09  2.2671e-09  0.
14_17   3.2835e-09  5.1025e-09  5.9921e-09  5.2855e-09  4.0082e-09  2.3478e-09  1.3100e-09  1.0396e-09  1.1210e-09  1.0595e-09  6.6511e-10  4.1670e-10  1.9267e-10  9.1159e-10  2.5661e-10  2.9494e-10  1.7377e-10  7.5602e-10  5.4994e-10  8.9723e-10  1.7426e-09  0.
14_18   2.0976e-09  3.6633e-09  3.9412e-09  3.4880e-09  2.6626e-09  1.7454e-09  1.0877e-09  1.0822e-09  1.1793e-09  1.0175e-09  6.2793e-10  4.6550e-10  2.0417e-10  8.8967e-10  2.9047e-10  4.0769e-10  1.6132e-10  6.9236e-10  3.0005e-10  9.3955e-10  1.3171e-09  0.
14_19   1.9075e-09  3.0153e-09  2.8552e-09  2.4689e-09  2.1396e-09  1.5653e-09  1.3986e-09  1.1960e-09  1.2569e-09  9.5502e-10  5.3748e-10  5.5248e-10  2.2920e-10  8.8608e-10  6.7395e-10  5.5382e-10  2.7471e-10  6.6240e-10  1.1754e-10  1.0797e-09  1.0983e-09  0.
15_11   4.5744e-09  7.6078e-09  8.0988e-09  6.8086e-09  6.1330e-09  5.0119e-09  3.3649e-09  1.6216e-09  1.6451e-09  2.1546e-09  8.5553e-10  5.5716e-10  2.8008e-10  1.2562e-09  1.1450e-09  7.6306e-10  7.7818e-10  7.7129e-10  5.0416e-10  2.2073e-09  4.0201e-09  0.
15_12   3.7117e-09  6.2936e-09  7.1065e-09  6.1731e-09  6.1117e-09  4.5650e-09  3.3194e-09  1.6666e-09  1.5144e-09  1.4034e-09  7.1947e-10  6.4399e-10  2.7803e-10  1.0716e-09  9.7445e-10  7.8375e-10  5.3638e-10  7.7536e-10  6.6430e-10  1.5723e-09  3.1350e-09  0.
15_13   4.6504e-09  6.2962e-09  7.7499e-09  7.2255e-09  7.1533e-09  4.8078e-09  3.4269e-09  1.8757e-09  1.3850e-09  1.0774e-09  7.6627e-10  7.1825e-10  3.7574e-10  1.0334e-09  1.0130e-09  7.9230e-10  3.9399e-10  6.8081e-10  8.2264e-10  1.2394e-09  2.8664e-09  0.
15_14   5.2725e-09  7.3914e-09  9.4715e-09  9.0958e-09  8.2484e-09  5.4146e-09  3.6077e-09  1.9527e-09  1.2617e-09  1.0832e-09  9.2570e-10  7.5134e-10  4.9061e-10  1.0813e-09  8.3818e-10  6.8890e-10  3.4157e-10  6.5619e-10  9.7619e-10  1.1937e-09  2.8857e-09  0.
15_15   5.3624e-09  8.0748e-09  1.0290e-08  9.7013e-09  8.1504e-09  5.4613e-09  3.4658e-09  1.8060e-09  1.1900e-09  1.1911e-09  9.7229e-10  7.1011e-10  4.6685e-10  1.0605e-09  4.5217e-10  4.8686e-10  2.8602e-10  7.1304e-10  1.0396e-09  1.2436e-09  2.7948e-09  0.
15_16   5.0090e-09  7.3831e-09  9.2423e-09  8.3895e-09  6.6197e-09  4.5241e-09  2.8683e-09  1.5857e-09  1.2000e-09  1.2878e-09  8.6562e-10  6.4059e-10  3.3645e-10  1.0535e-09  1.9301e-10  3.6371e-10  2.3638e-10  8.0347e-10  8.7808e-10  1.0980e-09  2.3693e-09  3.6854e-08
15_17   3.6685e-09  5.8068e-09  6.9210e-09  6.2847e-09  4.6876e-09  3.3098e-09  2.1881e-09  1.4694e-09  1.3018e-09  1.3628e-09  7.6607e-10  6.0439e-10  2.5590e-10  1.0142e-09  1.9026e-10  3.7106e-10  2.2425e-10  8.2848e-10  5.3910e-10  8.6314e-10  1.8778e-09  0.
15_18   3.2115e-09  4.3814e-09  4.8748e-09  4.4305e-09  3.2037e-09  2.5371e-09  1.8598e-09  1.4913e-09  1.4170e-09  1.3684e-09  7.0145e-10  6.3004e-10  2.7545e-10  9.5752e-10  3.9402e-10  4.7741e-10  2.4874e-10  7.8320e-10  2.3924e-10  8.8737e-10  1.4921e-09  0.
15_19   3.0966e-09  3.5901e-09  3.6015e-09  3.4557e-09  2.3286e-09  2.3277e-09  2.0826e-09  1.6313e-09  1.6926e-09  1.4623e-09  6.0597e-10  6.6981e-10  3.2552e-10  9.4626e-10  7.4867e-10  5.6141e-10  3.5139e-10  7.4557e-10  1.1187e-10  1.0029e-09  1.3306e-09  0.
15_20   2.9698e-09  3.3675e-09  3.1491e-09  3.5768e-09  2.7923e-09  2.4288e-09  2.5768e-09  1.8460e-09  2.1467e-09  1.6645e-09  5.3734e-10  7.3602e-10  4.6201e-10  9.5919e-10  1.0097e-09  5.4890e-10  4.9221e-10  7.4070e-10  2.0965e-10  8.3332e-10  1.2560e-09  0.
16_12   4.3941e-09  5.6502e-09  5.8126e-09  5.0146e-09  4.8853e-09  3.2051e-09  2.6636e-09  1.3982e-09  1.3461e-09  1.5551e-09  6.0669e-10  5.7113e-10  2.1120e-10  1.0778e-09  1.2135e-09  8.9169e-10  5.1201e-10  8.0581e-10  8.7769e-10  1.8687e-09  3.0885e-09  0.
16_13   3.5612e-09  5.6745e-09  6.4292e-09  6.0086e-09  5.6739e-09  3.5000e-09  2.7346e-09  1.5373e-09  1.2952e-09  1.2372e-09  6.7867e-10  6.8839e-10  3.0190e-10  1.1074e-09  1.2834e-09  9.6813e-10  3.6639e-10  7.1371e-10  1.0473e-09  1.5767e-09  2.8342e-09  0.
16_14   4.9149e-09  6.7368e-09  8.2373e-09  7.9154e-09  7.0396e-09  4.6502e-09  3.2835e-09  1.8070e-09  1.2770e-09  1.3480e-09  8.7845e-10  7.2109e-10  3.9566e-10  1.0915e-09  1.0776e-09  8.7682e-10  3.0685e-10  6.5298e-10  1.1514e-09  1.3444e-09  2.8135e-09  0.
16_15   5.1987e-09  7.7878e-09  9.7201e-09  9.3579e-09  7.9629e-09  5.6582e-09  3.8938e-09  2.0673e-09  1.3335e-09  1.5789e-09  1.0043e-09  7.5910e-10  4.3362e-10  1.0228e-09  6.0232e-10  6.5700e-10  2.7645e-10  6.8361e-10  1.1316e-09  1.1274e-09  2.8251e-09  3.9389e-08
16_16   5.3889e-09  7.8536e-09  9.7733e-09  9.4178e-09  7.7181e-09  5.8347e-09  4.1837e-09  2.3278e-09  1.5899e-09  1.8455e-09  1.0035e-09  8.6115e-10  4.7448e-10  1.0721e-09  1.8883e-10  5.3968e-10  2.9438e-10  7.8980e-10  8.7994e-10  9.1979e-10  2.6010e-09  4.0928e-08
16_17   4.5759e-09  7.0840e-09  8.5350e-09  8.5969e-09  6.9176e-09  5.3424e-09  4.1882e-09  2.5398e-09  2.0160e-09  2.1697e-09  1.0374e-09  9.7673e-10  5.9142e-10  1.1524e-09  1.5193e-10  5.6282e-10  3.7625e-10  8.9909e-10  4.8110e-10  8.7782e-10  2.2983e-09  3.9876e-08
16_18   3.9609e-09  5.9760e-09  6.6969e-09  7.5783e-09  5.9318e-09  4.8516e-09  4.2470e-09  2.8653e-09  2.5619e-09  2.5957e-09  1.0794e-09  9.7620e-10  6.8656e-10  1.2878e-09  4.2821e-10  6.4886e-10  4.8020e-10  9.2733e-10  2.2970e-10  8.7869e-10  2.0594e-09  0.
16_19   2.8063e-09  5.0151e-09  5.3887e-09  6.2989e-09  5.2780e-09  4.8596e-09  4.8029e-09  3.5662e-09  3.5616e-09  3.4446e-09  1.0065e-09  1.0209e-09  7.8549e-10  1.3514e-09  7.5456e-10  7.0033e-10  5.7041e-10  9.2581e-10  2.6395e-10  8.4483e-10  1.8537e-09  0.
17_14   5.0087e-09  6.1778e-09  7.4261e-09  6.9242e-09  6.2077e-09  4.6361e-09  3.6276e-09  2.2318e-09  1.6268e-09  1.9973e-09  8.6414e-10  8.2970e-10  3.5259e-10  1.0796e-09  1.1450e-09  1.0574e-09  4.7754e-10  6.4342e-10  1.2048e-09  1.5404e-09  2.7516e-09  0.
17_15   5.2091e-09  7.6164e-09  9.6353e-09  9.2673e-09  8.2804e-09  6.8353e-09  5.3664e-09  3.3342e-09  2.3129e-09  2.5161e-09  1.0813e-09  1.0641e-09  5.5582e-10  1.0417e-09  9.7484e-10  9.1082e-10  4.7300e-10  5.7459e-10  1.1477e-09  1.1232e-09  2.9399e-09  3.8803e-08
17_16   5.7985e-09  8.7348e-09  1.1445e-08  1.1271e-08  1.0362e-08  8.9894e-09  7.4881e-09  4.8809e-09  3.5529e-09  3.4274e-09  1.3101e-09  1.4360e-09  9.3440e-10  1.2230e-09  7.6810e-10  8.6976e-10  5.2538e-10  7.1711e-10  8.7384e-10  9.5892e-10  3.0992e-09  4.6725e-08
17_17   6.4911e-09  9.3925e-09  1.2259e-08  1.2749e-08  1.1982e-08  1.0624e-08  9.5277e-09  6.5580e-09  5.2055e-09  4.7105e-09  1.6052e-09  1.8345e-09  1.4253e-09  1.5877e-09  6.9051e-10  1.0047e-09  6.6576e-10  9.9615e-10  5.1945e-10  1.1645e-09  3.2441e-09  6.0018e-08
17_18   6.6847e-09  9.1531e-09  1.1745e-08  1.2937e-08  1.2856e-08  1.2060e-08  1.1669e-08  8.6912e-09  7.5631e-09  6.8948e-09  1.8583e-09  2.0425e-09  1.7913e-09  2.0314e-09  9.2584e-10  1.2319e-09  8.7073e-10  1.2586e-09  4.3424e-10  1.2424e-09  3.1972e-09  0.
17_19   6.5508e-09  8.6347e-09  1.1516e-08  1.2203e-08  1.3658e-08  1.3984e-08  1.4415e-08  1.1870e-08  1.1146e-08  1.0392e-08  2.0265e-09  2.3860e-09  2.2267e-09  2.4139e-09  1.4015e-09  1.5360e-09  1.1082e-09  1.4349e-09  6.5475e-10  1.0733e-09  3.0625e-09  0.
17_20   5.6569e-09  9.8684e-09  1.3449e-08  1.6517e-08  1.9145e-08  1.5897e-08  1.6817e-08  1.4957e-08  1.4611e-08  1.3452e-08  2.5556e-09  3.2237e-09  3.2767e-09  3.3736e-09  2.6168e-09  1.7596e-09  1.2972e-09  1.4299e-09  8.5632e-10  1.1381e-09  3.8457e-09  0.
17_21   5.8810e-09  1.1885e-08  1.7057e-08  2.1478e-08  2.6405e-08  1.6856e-08  1.7546e-08  1.6126e-08  1.5643e-08  1.3663e-08  3.1163e-09  4.1981e-09  4.3547e-09  4.0017e-09  3.7525e-09  1.7684e-09  1.2350e-09  1.2785e-09  8.2834e-10  1.5127e-09  4.7041e-09  0.
17_22   5.5943e-09  1.2186e-08  1.7001e-08  2.3176e-08  2.8069e-08  1.6141e-08  1.6209e-08  1.4712e-08  1.3650e-08  1.1274e-08  3.0526e-09  4.0214e-09  4.1512e-09  3.8872e-09  3.9255e-09  1.5428e-09  9.0364e-10  1.2248e-09  6.2931e-10  1.6319e-09  5.0378e-09  0.
18_13   5.4571e-09  5.5615e-09  6.0612e-09  5.6561e-09  5.0480e-09  4.2520e-09  4.1727e-09  3.1579e-09  2.1476e-09  3.2187e-09  8.9550e-10  8.1445e-10  4.6129e-10  1.0543e-09  1.2848e-09  1.0951e-09  8.6111e-10  1.0065e-09  9.4186e-10  1.9031e-09  2.5259e-09  0.
18_14   5.0891e-09  6.5013e-09  7.6777e-09  7.8758e-09  7.3889e-09  6.3260e-09  5.9542e-09  4.5192e-09  3.4398e-09  3.8404e-09  1.0269e-09  1.1833e-09  6.9714e-10  1.2648e-09  1.5409e-09  1.2469e-09  8.8509e-10  6.8577e-10  1.0210e-09  1.7798e-09  2.8860e-09  0.
18_15   5.2683e-09  8.3072e-09  1.0980e-08  1.1634e-08  1.1834e-08  1.0743e-08  9.9941e-09  7.7229e-09  6.0055e-09  5.4671e-09  1.4482e-09  1.8597e-09  1.3771e-09  1.6858e-09  1.8527e-09  1.3802e-09  9.6633e-10  5.3150e-10  1.0430e-09  1.3544e-09  3.4087e-09  0.
18_16   6.6326e-09  1.1142e-08  1.5679e-08  1.7221e-08  1.8055e-08  1.6945e-08  1.5948e-08  1.2526e-08  9.8191e-09  7.9671e-09  2.1822e-09  2.8073e-09  2.4301e-09  2.4180e-09  2.0733e-09  1.6285e-09  1.0444e-09  7.5566e-10  9.1236e-10  1.4002e-09  4.3584e-09  0.
18_17   1.0774e-08  1.4498e-08  2.0646e-08  2.3121e-08  2.4791e-08  2.3454e-08  2.2517e-08  1.8021e-08  1.4511e-08  1.1307e-08  3.0155e-09  3.8972e-09  3.6159e-09  3.2397e-09  2.2185e-09  2.0338e-09  1.1694e-09  1.2029e-09  7.6740e-10  1.9072e-09  5.5320e-09  0.
18_18   1.0575e-08  1.6785e-08  2.3922e-08  2.7336e-08  3.0306e-08  2.9709e-08  2.9511e-08  2.4576e-08  2.0925e-08  1.6944e-08  3.7751e-09  4.8165e-09  4.6171e-09  4.2769e-09  2.6791e-09  2.6521e-09  1.4921e-09  1.7136e-09  9.1222e-10  2.1722e-09  6.4363e-09  2.2668e-07
18_19   8.9596e-09  1.7727e-08  2.5979e-08  2.9850e-08  3.4429e-08  3.5376e-08  3.6419e-08  3.2096e-08  2.8972e-08  2.4907e-08  4.4580e-09  5.7372e-09  5.6408e-09  5.4686e-09  3.5767e-09  3.4364e-09  2.0020e-09  2.1458e-09  1.3008e-09  2.0723e-09  6.9724e-09  2.8631e-07
18_20   8.4912e-09  1.9320e-08  2.9149e-08  3.5481e-08  4.2974e-08  3.9237e-08  4.1160e-08  3.7891e-08  3.5628e-08  3.1431e-08  5.2876e-09  6.9745e-09  7.1452e-09  6.8662e-09  5.4624e-09  4.0725e-09  2.4727e-09  2.3220e-09  1.4904e-09  2.2110e-09  7.9226e-09  0.
18_21   1.6289e-08  2.1023e-08  3.2903e-08  3.9762e-08  5.0324e-08  3.8594e-08  4.0310e-08  3.7592e-08  3.5754e-08  3.1196e-08  5.7681e-09  8.0385e-09  8.3125e-09  7.3688e-09  6.6911e-09  4.0340e-09  2.4831e-09  2.1768e-09  1.2242e-09  2.7077e-09  8.6680e-09  0.
18_22   1.2833e-08  1.9849e-08  3.0777e-08  3.8848e-08  4.8964e-08  3.3159e-08  3.3988e-08  3.1021e-08  2.9078e-08  2.4846e-08  5.2770e-09  7.4103e-09  7.6603e-09  6.8514e-09  6.4613e-09  3.3007e-09  1.9393e-09  2.0236e-09  7.9014e-10  2.9788e-09  8.4177e-09  0.
19_14   4.8088e-09  7.5497e-09  9.5305e-09  9.4510e-09  9.9378e-09  1.4756e-08  1.5520e-08  1.3421e-08  1.0781e-08  1.0154e-08  1.3408e-09  1.7923e-09  1.4212e-09  1.6749e-09  2.2112e-09  1.9901e-09  1.4587e-09  8.4343e-10  8.1218e-10  1.9053e-09  3.0799e-09  0.
19_15   7.0245e-09  1.1194e-08  1.6197e-08  1.7191e-08  1.9535e-08  2.2872e-08  2.3403e-08  2.0226e-08  1.6431e-08  1.3797e-08  2.4029e-09  3.4187e-09  3.1241e-09  3.0536e-09  3.2221e-09  2.6121e-09  1.7275e-09  7.4374e-10  1.0189e-09  1.8024e-09  4.4514e-09  0.
19_16   9.0326e-09  1.6701e-08  2.5295e-08  2.7894e-08  3.2413e-08  3.4009e-08  3.3825e-08  2.8970e-08  2.3249e-08  1.7900e-08  3.9181e-09  5.3436e-09  5.2246e-09  4.6521e-09  4.1851e-09  3.1528e-09  1.8849e-09  1.0536e-09  1.1086e-09  2.2882e-09  6.6142e-09  0.
19_17   1.4629e-08  2.3046e-08  3.4845e-08  3.9213e-08  4.5134e-08  4.5868e-08  4.5162e-08  3.8700e-08  3.1241e-08  2.3026e-08  5.3976e-09  7.3092e-09  7.1650e-09  6.2206e-09  4.9692e-09  3.7433e-09  1.9822e-09  1.5419e-09  1.2328e-09  2.9255e-09  9.2817e-09  0.
19_18   1.6988e-08  2.8496e-08  4.2355e-08  4.8679e-08  5.5645e-08  5.6664e-08  5.6320e-08  4.9254e-08  4.1173e-08  3.1217e-08  6.6925e-09  9.0251e-09  8.7478e-09  7.7291e-09  5.8877e-09  4.5692e-09  2.2270e-09  2.0866e-09  1.5977e-09  3.3358e-09  1.1761e-08  3.0334e-07
19_19   1.8592e-08  3.1012e-08  4.6308e-08  5.4010e-08  6.3061e-08  6.4647e-08  6.5709e-08  5.9421e-08  5.2243e-08  4.2266e-08  7.7208e-09  1.0268e-08  1.0069e-08  9.0380e-09  7.0519e-09  5.6161e-09  2.8067e-09  2.6781e-09  2.0731e-09  3.5937e-09  1.3143e-08  3.7192e-07
19_20   2.0885e-08  3.1744e-08  4.8552e-08  5.7709e-08  7.0061e-08  6.8250e-08  7.0680e-08  6.5785e-08  6.0397e-08  5.1040e-08  8.4573e-09  1.1252e-08  1.1379e-08  1.0243e-08  8.8721e-09  6.5107e-09  3.5089e-09  3.0629e-09  2.2233e-09  3.7523e-09  1.3703e-08  0.
19_21   1.8142e-08  3.1493e-08  4.8663e-08  5.9567e-08  7.3339e-08  6.4227e-08  6.6982e-08  6.2776e-08  5.9100e-08  5.0504e-08  8.5091e-09  1.1581e-08  1.1958e-08  1.0757e-08  9.7840e-09  6.4271e-09  3.6700e-09  3.0406e-09  1.8173e-09  3.8019e-09  1.3983e-08  0.
19_22   1.5005e-08  2.7979e-08  4.2999e-08  5.3804e-08  6.5794e-08  5.3006e-08  5.4854e-08  5.0366e-08  4.7736e-08  4.0762e-08  7.4648e-09  1.0225e-08  1.0599e-08  9.6476e-09  8.7344e-09  5.2328e-09  3.0182e-09  2.7372e-09  1.2149e-09  3.7411e-09  1.2588e-08  0.
20_16   1.5794e-08  2.7109e-08  4.1564e-08  4.6134e-08  5.3843e-08  5.7877e-08  5.7904e-08  5.0080e-08  3.9688e-08  3.0161e-08  6.5189e-09  8.6886e-09  8.4171e-09  7.2693e-09  6.9456e-09  4.8955e-09  2.9010e-09  1.4223e-09  1.4023e-09  3.5974e-09  1.0730e-08  0.
20_17   1.6757e-08  3.3885e-08  5.1931e-08  5.7606e-08  6.6410e-08  6.9939e-08  6.8791e-08  5.9498e-08  4.7154e-08  3.4115e-08  7.9773e-09  1.0880e-08  1.0387e-08  8.9008e-09  8.0968e-09  5.1742e-09  2.8752e-09  1.7709e-09  1.7409e-09  4.1148e-09  1.3832e-08  0.
20_18   2.5206e-08  3.9002e-08  5.8865e-08  6.6186e-08  7.5549e-08  7.9615e-08  7.8346e-08  6.8974e-08  5.6087e-08  4.1096e-08  9.0477e-09  1.2438e-08  1.1710e-08  9.9742e-09  9.1214e-09  5.6815e-09  2.7748e-09  2.1026e-09  2.2392e-09  4.5891e-09  1.6633e-08  3.5300e-07
20_19   2.4915e-08  4.0962e-08  6.1282e-08  7.0831e-08  8.1840e-08  8.5509e-08  8.5608e-08  7.7678e-08  6.6013e-08  5.1345e-08  9.8642e-09  1.3172e-08  1.2614e-08  1.0774e-08  1.0016e-08  6.5082e-09  2.9974e-09  2.6261e-09  2.7166e-09  4.9455e-09  1.8325e-08  4.1692e-07
20_20   2.4379e-08  3.9948e-08  6.0979e-08  7.0518e-08  8.3373e-08  8.6450e-08  8.8426e-08  8.2446e-08  7.3312e-08  6.0022e-08  1.0152e-08  1.3446e-08  1.3281e-08  1.1141e-08  1.0927e-08  7.2671e-09  3.5260e-09  3.1654e-09  2.8436e-09  4.9061e-09  1.8303e-08  0.
20_21   2.2382e-08  3.8037e-08  5.7879e-08  6.8540e-08  8.1424e-08  8.1251e-08  8.4417e-08  7.9496e-08  7.3163e-08  6.1172e-08  9.7867e-09  1.3144e-08  1.3272e-08  1.1364e-08  1.1228e-08  7.3043e-09  3.8868e-09  3.3772e-09  2.5338e-09  4.7012e-09  1.7673e-08  0.
20_22   2.1013e-08  3.2533e-08  4.9193e-08  5.8202e-08  6.8499e-08  6.7968e-08  7.0884e-08  6.5909e-08  6.1788e-08  5.2052e-08  8.3278e-09  1.1342e-08  1.1456e-08  9.7930e-09  9.7246e-09  6.0930e-09  3.4335e-09  3.0051e-09  1.9717e-09  4.1796e-09  1.4886e-08  0.
20_23   1.5583e-08  2.6436e-08  3.7815e-08  4.6019e-08  5.0585e-08  5.1249e-08  5.2438e-08  4.7087e-08  4.3862e-08  3.6959e-08  6.7035e-09  8.5380e-09  8.4688e-09  7.6120e-09  7.2866e-09  4.2353e-09  2.5138e-09  2.2914e-09  1.4158e-09  3.3851e-09  1.1605e-08  0.
21_16   2.0978e-08  3.5916e-08  5.2086e-08  6.2440e-08  6.9541e-08  7.6381e-08  7.4183e-08  6.1858e-08  4.6859e-08  3.4924e-08  8.2672e-09  1.0451e-08  9.6092e-09  8.2392e-09  8.7217e-09  5.3503e-09  3.4090e-09  1.4736e-09  1.4201e-09  4.6487e-09  1.4818e-08  0.
21_17   2.1450e-08  4.0468e-08  5.9768e-08  6.8065e-08  7.5568e-08  8.2160e-08  7.8718e-08  6.6040e-08  4.9781e-08  3.5368e-08  9.1261e-09  1.2154e-08  1.0839e-08  9.2591e-09  9.5601e-09  5.0725e-09  3.1838e-09  1.6082e-09  1.8764e-09  5.0782e-09  1.7022e-08  0.
21_18   2.5327e-08  4.2931e-08  6.3132e-08  7.0535e-08  7.8005e-08  8.5092e-08  8.1497e-08  7.0088e-08  5.3891e-08  3.8513e-08  9.5101e-09  1.2956e-08  1.1340e-08  9.4425e-09  9.9686e-09  5.0514e-09  2.7015e-09  1.6979e-09  2.4215e-09  5.5122e-09  1.9056e-08  0.
21_19   2.4467e-08  4.3105e-08  6.3329e-08  7.1583e-08  7.9574e-08  8.6110e-08  8.3841e-08  7.4757e-08  5.9954e-08  4.5365e-08  9.8272e-09  1.2970e-08  1.1629e-08  9.5774e-09  1.0191e-08  5.4495e-09  2.4597e-09  2.0368e-09  2.8877e-09  5.8197e-09  2.0224e-08  0.
21_20   2.4400e-08  4.1210e-08  6.2312e-08  6.8833e-08  7.8733e-08  8.5807e-08  8.5815e-08  7.9231e-08  6.6679e-08  5.3265e-08  9.7939e-09  1.2832e-08  1.1926e-08  9.4344e-09  1.0366e-08  5.9771e-09  2.7019e-09  2.6071e-09  3.1295e-09  5.7432e-09  1.9673e-08  3.9480e-07
21_21   2.3170e-08  3.9676e-08  5.8723e-08  6.8827e-08  7.7624e-08  8.4077e-08  8.6150e-08  8.1009e-08  7.0971e-08  5.8115e-08  9.6294e-09  1.2521e-08  1.2093e-08  1.0099e-08  1.0552e-08  6.2252e-09  3.1598e-09  2.9909e-09  3.1760e-09  5.4139e-09  1.9159e-08  3.7274e-07
21_22   2.1763e-08  3.4444e-08  5.0493e-08  5.8797e-08  6.5612e-08  7.5240e-08  7.7983e-08  7.2929e-08  6.5601e-08  5.4285e-08  8.3916e-09  1.1178e-08  1.0733e-08  8.9152e-09  9.4279e-09  5.5395e-09  3.1534e-09  2.7043e-09  2.9469e-09  4.7191e-09  1.5889e-08  3.1291e-07
21_23   1.4004e-08  2.6595e-08  3.6747e-08  4.4865e-08  4.6644e-08  5.7482e-08  5.9109e-08  5.3748e-08  4.8937e-08  4.0879e-08  6.5139e-09  8.2288e-09  7.7282e-09  6.8258e-09  7.1048e-09  3.9764e-09  2.5052e-09  1.8846e-09  2.3798e-09  3.4420e-09  1.1519e-08  0.
22_19   2.3575e-08  3.9390e-08  5.6693e-08  6.0778e-08  6.4335e-08  7.1998e-08  6.6438e-08  5.6455e-08  4.1203e-08  3.0732e-08  8.2167e-09  1.0835e-08  8.6007e-09  6.9435e-09  8.3895e-09  3.6112e-09  1.7917e-09  1.2851e-09  2.5037e-09  6.0634e-09  1.8718e-08  0.
22_20   2.2950e-08  3.8592e-08  5.7032e-08  5.9825e-08  6.5038e-08  7.3147e-08  6.9981e-08  6.2403e-08  4.8254e-08  3.7796e-08  8.3172e-09  1.0878e-08  9.1047e-09  6.9605e-09  8.6855e-09  3.9313e-09  1.8493e-09  1.7635e-09  3.0791e-09  5.8767e-09  1.8421e-08  3.2923e-07
22_21   2.3210e-08  3.9082e-08  5.7269e-08  6.3175e-08  6.8829e-08  7.7159e-08  7.6396e-08  7.0219e-08  5.7165e-08  4.5826e-08  8.7293e-09  1.1446e-08  1.0173e-08  7.8768e-09  9.4187e-09  4.3110e-09  2.2792e-09  2.1392e-09  3.5838e-09  5.6487e-09  1.8262e-08  3.2279e-07
22_22   2.4136e-08  3.6548e-08  5.3841e-08  5.8954e-08  6.4167e-08  7.6147e-08  7.6783e-08  7.0748e-08  5.9758e-08  4.8575e-08  8.4621e-09  1.1452e-08  1.0276e-08  7.6755e-09  9.4904e-09  4.2620e-09  2.6686e-09  2.0376e-09  3.7417e-09  5.1468e-09  1.5800e-08  3.0162e-07
22_23   1.5987e-08  2.8442e-08  3.9840e-08  4.6719e-08  4.8321e-08  6.0964e-08  6.1415e-08  5.5363e-08  4.8089e-08  3.9843e-08  6.7408e-09  8.8558e-09  7.8509e-09  6.1972e-09  7.8057e-09  3.3949e-09  2.4308e-09  1.4310e-09  3.1924e-09  3.7010e-09  1.1460e-08  0.
23_18   2.2669e-08  3.7198e-08  5.2379e-08  5.3777e-08  5.4074e-08  6.2355e-08  5.1961e-08  3.8872e-08  2.4657e-08  1.7997e-08  6.5856e-09  8.8905e-09  6.1600e-09  5.2039e-09  6.9863e-09  2.3118e-09  1.6444e-09  7.8416e-10  1.4087e-09  5.7608e-09  1.5960e-08  0.
23_19   2.2669e-08  3.9576e-08  5.5192e-08  5.7087e-08  5.8793e-08  5.9096e-08  5.1367e-08  4.0785e-08  2.7470e-08  2.0746e-08  7.3529e-09  9.5708e-09  6.9963e-09  5.9495e-09  7.7353e-09  2.4906e-09  1.6585e-09  8.4459e-10  2.0145e-09  6.3554e-09  1.7443e-08  0.
23_20   2.0715e-08  3.8974e-08  5.5828e-08  5.7314e-08  6.0901e-08  6.0742e-08  5.5450e-08  4.6732e-08  3.3573e-08  2.5817e-08  7.6083e-09  1.0006e-08  7.9857e-09  6.5252e-09  8.2952e-09  2.7113e-09  1.6981e-09  1.1074e-09  2.8809e-09  5.7704e-09  1.7238e-08  0.
23_21   2.1786e-08  4.0947e-08  6.0730e-08  6.3276e-08  7.0437e-08  6.9380e-08  6.5981e-08  5.8291e-08  4.4411e-08  3.4561e-08  8.5987e-09  1.1805e-08  1.0257e-08  7.6291e-09  1.0033e-08  3.2011e-09  2.0655e-09  1.4041e-09  3.6579e-09  5.8769e-09  1.7463e-08  0.
23_22   2.5732e-08  4.1433e-08  6.3043e-08  6.6922e-08  7.4832e-08  7.7211e-08  7.4952e-08  6.7431e-08  5.3915e-08  4.2831e-08  9.4600e-09  1.3391e-08  1.1999e-08  8.4828e-09  1.1310e-08  3.7809e-09  2.6739e-09  1.5704e-09  3.9166e-09  5.7639e-09  1.6726e-08  0.
24_19   2.3402e-08  4.3427e-08  5.8085e-08  6.3165e-08  6.4192e-08  6.2282e-08  5.5326e-08  4.4377e-08  3.1870e-08  2.4242e-08  7.7314e-09  9.3986e-09  7.2726e-09  6.6303e-09  8.2567e-09  2.7231e-09  2.2853e-09  8.6643e-10  2.3184e-09  6.5173e-09  1.7840e-08  0.
24_20   2.5673e-08  4.1413e-08  5.6718e-08  6.1705e-08  6.6345e-08  6.2405e-08  5.7721e-08  4.8297e-08  3.5707e-08  2.7034e-08  7.8575e-09  9.9338e-09  8.5463e-09  7.3944e-09  8.9633e-09  3.2277e-09  2.3231e-09  8.1937e-10  3.0980e-09  6.0373e-09  1.7048e-08  0.
24_21   2.6933e-08  4.3903e-08  6.3330e-08  6.9984e-08  7.7856e-08  7.1132e-08  6.6993e-08  5.8489e-08  4.4496e-08  3.4059e-08  9.1955e-09  1.2485e-08  1.1570e-08  8.8815e-09  1.1211e-08  4.0072e-09  2.5757e-09  1.0789e-09  3.5495e-09  6.1808e-09  1.7840e-08  0.
24_22   2.6437e-08  4.5531e-08  6.8619e-08  7.7502e-08  8.7944e-08  7.9983e-08  7.6342e-08  6.8474e-08  5.4022e-08  4.2409e-08  1.0519e-08  1.4943e-08  1.4092e-08  1.0184e-08  1.3335e-08  4.6930e-09  3.0994e-09  1.4690e-09  3.3788e-09  6.5333e-09  1.8210e-08  0.
